4.15139e-05 0.213009 0.213002 0.0017863 
8.30278e-05 0.213009 0.213002 0.0017863 
0.000124542 0.213009 0.213002 0.0017863 
0.000166056 0.213009 0.213002 0.0017863 
0.00020757 0.213009 0.213002 0.0017863 
0.000249083 0.213009 0.213002 0.0017863 
0.000290597 0.214511 0.214408 0.00667562 
0.000332111 0.215594 0.215457 0.0076814 
0.000373625 0.215594 0.215457 0.0076814 
0.000415139 0.215594 0.215457 0.0076814 
0.000456653 0.208771 0.208636 0.00750009 
0.000498167 0.208771 0.208636 0.00750009 
0.000539681 0.216341 0.215977 0.0125322 
0.000581195 0.216341 0.215977 0.0125322 
0.000622709 0.216341 0.215977 0.0125322 
0.000664222 0.216341 0.215977 0.0125322 
0.000705736 0.215633 0.215197 0.0137029 
0.00074725 0.218924 0.217927 0.0208639 
0.000788764 0.218924 0.217927 0.0208639 
0.000830278 0.218924 0.217927 0.0208639 
0.000871792 0.218924 0.217927 0.0208639 
0.000913306 0.209934 0.209113 0.0185494 
0.00095482 0.209934 0.209113 0.0185494 
0.000996334 0.214829 0.212956 0.0283099 
0.00103785 0.215065 0.21325 0.0278815 
0.00107936 0.215065 0.21325 0.0278815 
0.00112088 0.215065 0.21325 0.0278815 
0.00116239 0.215065 0.21325 0.0278815 
0.0012039 0.215065 0.21325 0.0278815 
0.00124542 0.215065 0.21325 0.0278815 
0.00128693 0.215065 0.21325 0.0278815 
0.00132844 0.219347 0.216306 0.0363979 
0.00136996 0.219347 0.216306 0.0363979 
0.00141147 0.219347 0.216306 0.0363979 
0.00145299 0.228854 0.225992 0.0360813 
0.0014945 0.228854 0.225992 0.0360813 
0.00153601 0.228854 0.225992 0.0360813 
0.00157753 0.228959 0.226147 0.0357741 
0.00161904 0.23561 0.231337 0.0446662 
0.00166056 0.23561 0.231337 0.0446662 
0.00170207 0.23561 0.231337 0.0446662 
0.00174358 0.23561 0.231337 0.0446662 
0.0017851 0.23561 0.231337 0.0446662 
0.00182661 0.23561 0.231337 0.0446662 
0.00186813 0.23561 0.231337 0.0446662 
0.00190964 0.245111 0.239162 0.0536781 
0.00195115 0.245111 0.239162 0.0536781 
0.00199267 0.235233 0.229053 0.0535662 
0.00203418 0.235233 0.229053 0.0535662 
0.0020757 0.235233 0.229053 0.0535662 
0.00211721 0.235233 0.229053 0.0535662 
0.00215872 0.235233 0.229053 0.0535662 
0.00220024 0.244998 0.236759 0.063001 
0.00224175 0.244998 0.236759 0.063001 
0.00228326 0.244998 0.236759 0.063001 
0.00232478 0.244998 0.236759 0.063001 
0.00236629 0.25431 0.246425 0.0628363 
0.00240781 0.25431 0.246425 0.0628363 
0.00244932 0.25431 0.246425 0.0628363 
0.00249083 0.265717 0.255671 0.0723749 
0.00253235 0.265717 0.255671 0.0723749 
0.00257386 0.265717 0.255671 0.0723749 
0.00261538 0.265717 0.255671 0.0723749 
0.00265689 0.265717 0.255671 0.0723749 
0.0026984 0.265717 0.255671 0.0723749 
0.00273992 0.265717 0.255671 0.0723749 
0.00278143 0.2815 0.269094 0.0826494 
0.00282295 0.270615 0.257731 0.0825083 
0.00286446 0.270615 0.257731 0.0825083 
0.00290597 0.270615 0.257731 0.0825083 
0.00294749 0.270615 0.257731 0.0825083 
0.002989 0.270615 0.257731 0.0825083 
0.00303051 0.270615 0.257731 0.0825083 
0.00307203 0.284664 0.266847 0.0991257 
0.00311354 0.285864 0.270013 0.093866 
0.00315506 0.285864 0.270013 0.093866 
0.00319657 0.285864 0.270013 0.093866 
0.00323808 0.285864 0.270013 0.093866 
0.0032796 0.285864 0.270013 0.093866 
0.00332111 0.285864 0.270013 0.093866 
0.00336263 0.304159 0.285306 0.105418 
0.00340414 0.304159 0.285306 0.105418 
0.00344565 0.304159 0.285306 0.105418 
0.00348717 0.304159 0.285306 0.105418 
0.00352868 0.304159 0.285306 0.105418 
0.0035702 0.304159 0.285306 0.105418 
0.00361171 0.304159 0.285306 0.105418 
0.00365322 0.325508 0.302703 0.119692 
0.00369474 0.325508 0.302703 0.119692 
0.00373625 0.325508 0.302703 0.119692 
0.00377777 0.325508 0.302703 0.119692 
0.00381928 0.325508 0.302703 0.119692 
0.00386079 0.325508 0.302703 0.119692 
0.00390231 0.325508 0.302703 0.119692 
0.00394382 0.347152 0.315665 0.144466 
0.00398533 0.34854 0.320989 0.135817 
0.00402685 0.34854 0.320989 0.135817 
0.00406836 0.34854 0.320989 0.135817 
0.00410988 0.34854 0.320989 0.135817 
0.00415139 0.34854 0.320989 0.135817 
0.0041929 0.34854 0.320989 0.135817 
0.00423442 0.376789 0.343779 0.154227 
0.00427593 0.376789 0.343779 0.154227 
0.00431745 0.376789 0.343779 0.154227 
0.00435896 0.376789 0.343779 0.154227 
0.00440047 0.376789 0.343779 0.154227 
0.00444199 0.376789 0.343779 0.154227 
0.0044835 0.376789 0.343779 0.154227 
0.00452502 0.411011 0.37005 0.178865 
0.00456653 0.411011 0.37005 0.178865 
0.00460804 0.411011 0.37005 0.178865 
0.00464956 0.411011 0.37005 0.178865 
0.00469107 0.411011 0.37005 0.178865 
0.00473258 0.411011 0.37005 0.178865 
0.0047741 0.411011 0.37005 0.178865 
0.00481561 0.411011 0.37005 0.178865 
0.00485713 0.447281 0.394803 0.210215 
0.00489864 0.447281 0.394803 0.210215 
0.00494015 0.447281 0.394803 0.210215 
0.00498167 0.447281 0.394803 0.210215 
0.00502318 0.447281 0.394803 0.210215 
0.0050647 0.447281 0.394803 0.210215 
0.00510621 0.490122 0.420952 0.251034 
0.00514772 0.490122 0.420952 0.251034 
0.00518924 0.490122 0.420952 0.251034 
0.00523075 0.490122 0.420952 0.251034 
0.00527227 0.490122 0.420952 0.251034 
0.00531378 0.490122 0.420952 0.251034 
0.00535529 0.490122 0.420952 0.251034 
0.00539681 0.54007 0.435757 0.319048 
0.00543832 0.595681 0.507671 0.311618 
0.00547984 0.595681 0.507671 0.311618 
0.00552135 0.595681 0.507671 0.311618 
0.00556286 0.595681 0.507671 0.311618 
0.00560438 0.595681 0.507671 0.311618 
0.00564589 0.595681 0.507671 0.311618 
0.0056874 0.594953 0.501248 0.320501 
0.00572892 0.671492 0.527168 0.415928 
0.00577043 0.616153 0.478695 0.387939 
0.00581195 0.616153 0.478695 0.387939 
0.00585346 0.616153 0.478695 0.387939 
0.00589497 0.616153 0.478695 0.387939 
0.00593649 0.616153 0.478695 0.387939 
0.005978 0.616153 0.478695 0.387939 
0.00601952 0.672645 0.47943 0.471803 
0.00606103 0.672645 0.47943 0.471803 
0.00610254 0.672645 0.47943 0.471803 
0.00614406 0.672645 0.47943 0.471803 
0.00618557 0.672645 0.47943 0.471803 
0.00622709 0.672645 0.47943 0.471803 
0.0062686 0.671804 0.476214 0.473857 
0.00631011 0.72191 0.46315 0.553756 
0.00635163 0.68844 0.443587 0.526479 
0.00639314 0.68844 0.443587 0.526479 
0.00643465 0.68844 0.443587 0.526479 
0.00647617 0.68844 0.443587 0.526479 
0.00651768 0.68844 0.443587 0.526479 
0.0065592 0.68844 0.443587 0.526479 
0.00660071 0.68844 0.443587 0.526479 
0.00664222 0.696871 0.40152 0.569571 
0.00668374 0.696871 0.40152 0.569571 
0.00672525 0.696871 0.40152 0.569571 
0.00676677 0.696871 0.40152 0.569571 
0.00680828 0.696871 0.40152 0.569571 
0.00684979 0.696871 0.40152 0.569571 
0.00689131 0.696871 0.40152 0.569571 
0.00693282 0.691987 0.359836 0.59107 
0.00697434 0.691987 0.359836 0.59107 
0.00701585 0.691987 0.359836 0.59107 
0.00705736 0.691987 0.359836 0.59107 
0.00709888 0.691987 0.359836 0.59107 
0.00714039 0.691987 0.359836 0.59107 
0.00718191 0.714709 0.338951 0.629223 
0.00722342 0.69416 0.329333 0.611062 
0.00726493 0.69416 0.329333 0.611062 
0.00730645 0.69416 0.329333 0.611062 
0.00734796 0.69416 0.329333 0.611062 
0.00738947 0.69416 0.329333 0.611062 
0.00743099 0.69416 0.329333 0.611062 
0.0074725 0.69416 0.329333 0.611062 
0.00751402 0.709579 0.306332 0.640049 
0.00755553 0.698342 0.301693 0.629812 
0.00759704 0.698342 0.301693 0.629812 
0.00763856 0.698342 0.301693 0.629812 
0.00768007 0.698342 0.301693 0.629812 
0.00772159 0.698342 0.301693 0.629812 
0.0077631 0.698342 0.301693 0.629812 
0.00780461 0.699254 0.273963 0.643351 
0.00784613 0.699254 0.273963 0.643351 
0.00788764 0.699254 0.273963 0.643351 
0.00792916 0.699254 0.273963 0.643351 
0.00797067 0.699254 0.273963 0.643351 
0.00801218 0.699254 0.273963 0.643351 
0.0080537 0.699254 0.273963 0.643351 
0.00809521 0.703042 0.253343 0.655809 
0.00813672 0.703042 0.253343 0.655809 
0.00817824 0.703042 0.253343 0.655809 
0.00821975 0.703042 0.253343 0.655809 
0.00826127 0.703042 0.253343 0.655809 
0.00830278 0.697913 0.239502 0.655531 
0.00834429 0.697913 0.239502 0.655531 
0.00838581 0.701093 0.218926 0.666035 
0.00842732 0.701093 0.218926 0.666035 
0.00846884 0.701093 0.218926 0.666035 
0.00851035 0.701093 0.218926 0.666035 
0.00855186 0.701093 0.218926 0.666035 
0.00859338 0.701093 0.218926 0.666035 
0.00863489 0.701093 0.218926 0.666035 
0.00867641 0.701093 0.218926 0.666035 
0.00871792 0.705434 0.204361 0.675184 
0.00875943 0.705434 0.204361 0.675184 
0.00880095 0.705434 0.204361 0.675184 
0.00884246 0.705434 0.204361 0.675184 
0.00888398 0.705434 0.204361 0.675184 
0.00892549 0.708036 0.214099 0.67489 
0.008967 0.71167 0.19929 0.683197 
0.00900852 0.71167 0.19929 0.683197 
0.00905003 0.71167 0.19929 0.683197 
0.00909154 0.708565 0.18826 0.683098 
0.00913306 0.708565 0.18826 0.683098 
0.00917457 0.708565 0.18826 0.683098 
0.00921609 0.708565 0.18826 0.683098 
0.0092576 0.708565 0.18826 0.683098 
0.00929911 0.712818 0.174571 0.691111 
0.00934063 0.712818 0.174571 0.691111 
0.00938214 0.712818 0.174571 0.691111 
0.00942366 0.712818 0.174571 0.691111 
0.00946517 0.712818 0.174571 0.691111 
0.00950668 0.712818 0.174571 0.691111 
0.0095482 0.712818 0.174571 0.691111 
0.00958971 0.716986 0.163485 0.698098 
0.00963123 0.716986 0.163485 0.698098 
0.00967274 0.716986 0.163485 0.698098 
0.00971425 0.716986 0.163485 0.698098 
0.00975577 0.716986 0.163485 0.698098 
0.00979728 0.716986 0.163485 0.698098 
0.00983879 0.718432 0.170611 0.69788 
0.00988031 0.722201 0.159303 0.704413 
0.00992182 0.722201 0.159303 0.704413 
0.00996334 0.722201 0.159303 0.704413 
0.0100049 0.722201 0.159303 0.704413 
0.0100464 0.722201 0.159303 0.704413 
0.0100879 0.722201 0.159303 0.704413 
0.0101294 0.722201 0.159303 0.704413 
0.0101709 0.72658 0.149104 0.711116 
0.0102124 0.724817 0.140887 0.710993 
0.0102539 0.724817 0.140887 0.710993 
0.0102954 0.724817 0.140887 0.710993 
0.010337 0.724817 0.140887 0.710993 
0.0103785 0.724817 0.140887 0.710993 
0.01042 0.724817 0.140887 0.710993 
0.0104615 0.728886 0.132671 0.71671 
0.010503 0.728886 0.132671 0.71671 
0.0105445 0.729615 0.138106 0.716425 
0.010586 0.729615 0.138106 0.716425 
0.0106276 0.729615 0.138106 0.716425 
0.0106691 0.729615 0.138106 0.716425 
0.0107106 0.729615 0.138106 0.716425 
0.0107521 0.732326 0.12814 0.721028 
0.0107936 0.732326 0.12814 0.721028 
0.0108351 0.732326 0.12814 0.721028 
0.0108766 0.732326 0.12814 0.721028 
0.0109182 0.732326 0.12814 0.721028 
0.0109597 0.732326 0.12814 0.721028 
0.0110012 0.732326 0.12814 0.721028 
0.0110427 0.740947 0.123306 0.730615 
0.0110842 0.737284 0.12136 0.727227 
0.0111257 0.737284 0.12136 0.727227 
0.0111672 0.737284 0.12136 0.727227 
0.0112088 0.737284 0.12136 0.727227 
0.0112503 0.737284 0.12136 0.727227 
0.0112918 0.737284 0.12136 0.727227 
0.0113333 0.737284 0.12136 0.727227 
0.0113748 0.741527 0.114002 0.732711 
0.0114163 0.741527 0.114002 0.732711 
0.0114578 0.741527 0.114002 0.732711 
0.0114994 0.741527 0.114002 0.732711 
0.0115409 0.740432 0.108657 0.732416 
0.0115824 0.740432 0.108657 0.732416 
0.0116239 0.74442 0.102573 0.737319 
0.0116654 0.74442 0.102573 0.737319 
0.0117069 0.74442 0.102573 0.737319 
0.0117484 0.74442 0.102573 0.737319 
0.0117899 0.74442 0.102573 0.737319 
0.0118315 0.74442 0.102573 0.737319 
0.011873 0.744923 0.106717 0.73724 
0.0119145 0.744923 0.106717 0.73724 
0.011956 0.748768 0.100809 0.741951 
0.0119975 0.748768 0.100809 0.741951 
0.012039 0.748768 0.100809 0.741951 
0.0120805 0.748768 0.100809 0.741951 
0.0121221 0.748768 0.100809 0.741951 
0.0121636 0.748768 0.100809 0.741951 
0.0122051 0.748768 0.100809 0.741951 
0.0122466 0.752427 0.095293 0.746369 
0.0122881 0.751732 0.0908071 0.746227 
0.0123296 0.751732 0.0908071 0.746227 
0.0123711 0.751732 0.0908071 0.746227 
0.0124127 0.751732 0.0908071 0.746227 
0.0124542 0.751732 0.0908071 0.746227 
0.0124957 0.751732 0.0908071 0.746227 
0.0125372 0.755263 0.0864055 0.750304 
0.0125787 0.755263 0.0864055 0.750304 
0.0126202 0.755263 0.0864055 0.750304 
0.0126617 0.755263 0.0864055 0.750304 
0.0127033 0.755263 0.0864055 0.750304 
0.0127448 0.755263 0.0864055 0.750304 
0.0127863 0.755263 0.0864055 0.750304 
0.0128278 0.758524 0.0818125 0.754099 
0.0128693 0.758524 0.0818125 0.754099 
0.0129108 0.758524 0.0818125 0.754099 
0.0129523 0.758524 0.0818125 0.754099 
0.0129939 0.758882 0.0853472 0.754068 
0.0130354 0.758882 0.0853472 0.754068 
0.0130769 0.758882 0.0853472 0.754068 
0.0131184 0.762011 0.0814799 0.757642 
0.0131599 0.761555 0.0781205 0.757538 
0.0132014 0.761555 0.0781205 0.757538 
0.0132429 0.761555 0.0781205 0.757538 
0.0132844 0.761555 0.0781205 0.757538 
0.013326 0.761555 0.0781205 0.757538 
0.0133675 0.761555 0.0781205 0.757538 
0.013409 0.76438 0.0751556 0.760676 
0.0134505 0.76438 0.0751556 0.760676 
0.013492 0.76438 0.0751556 0.760676 
0.0135335 0.76438 0.0751556 0.760676 
0.013575 0.76438 0.0751556 0.760676 
0.0136166 0.76438 0.0751556 0.760676 
0.0136581 0.76438 0.0751556 0.760676 
0.0136996 0.766665 0.0719911 0.763277 
0.0137411 0.766665 0.0719911 0.763277 
0.0137826 0.766665 0.0719911 0.763277 
0.0138241 0.766852 0.074467 0.763228 
0.0138656 0.766852 0.074467 0.763228 
0.0139072 0.766852 0.074467 0.763228 
0.0139487 0.766852 0.074467 0.763228 
0.0139902 0.766852 0.074467 0.763228 
0.0140317 0.768798 0.0716365 0.765453 
0.0140732 0.768798 0.0716365 0.765453 
0.0141147 0.768798 0.0716365 0.765453 
0.0141562 0.768798 0.0716365 0.765453 
0.0141978 0.768798 0.0716365 0.765453 
0.0142393 0.768798 0.0716365 0.765453 
0.0142808 0.770086 0.0686122 0.767023 
0.0143223 0.770086 0.0686122 0.767023 
0.0143638 0.770086 0.0686122 0.767023 
0.0144053 0.770086 0.0686122 0.767023 
0.0144468 0.770086 0.0686122 0.767023 
0.0144884 0.770086 0.0686122 0.767023 
0.0145299 0.770086 0.0686122 0.767023 
0.0145714 0.772877 0.0673077 0.76994 
0.0146129 0.77133 0.0661417 0.768489 
0.0146544 0.77133 0.0661417 0.768489 
0.0146959 0.77133 0.0661417 0.768489 
0.0147374 0.77133 0.0661417 0.768489 
0.0147789 0.77133 0.0661417 0.768489 
0.0148205 0.77133 0.0661417 0.768489 
0.014862 0.77133 0.0661417 0.768489 
0.0149035 0.772388 0.0636791 0.769759 
0.014945 0.772388 0.0636791 0.769759 
0.0149865 0.772388 0.0636791 0.769759 
0.015028 0.772388 0.0636791 0.769759 
0.0150695 0.772388 0.0636791 0.769759 
0.0151111 0.772388 0.0636791 0.769759 
0.0151526 0.772388 0.0636791 0.769759 
0.0151941 0.772918 0.0609293 0.770513 
0.0152356 0.772918 0.0609293 0.770513 
0.0152771 0.772918 0.0609293 0.770513 
0.0153186 0.772918 0.0609293 0.770513 
0.0153601 0.772918 0.0609293 0.770513 
0.0154017 0.772918 0.0609293 0.770513 
0.0154432 0.774869 0.0600261 0.772541 
0.0154847 0.773518 0.0591913 0.77125 
0.0155262 0.773518 0.0591913 0.77125 
0.0155677 0.773518 0.0591913 0.77125 
0.0156092 0.773518 0.0591913 0.77125 
0.0156507 0.773518 0.0591913 0.77125 
0.0156923 0.773518 0.0591913 0.77125 
0.0157338 0.775335 0.0573293 0.773213 
0.0157753 0.774129 0.0568096 0.772042 
0.0158168 0.774129 0.0568096 0.772042 
0.0158583 0.774129 0.0568096 0.772042 
0.0158998 0.774129 0.0568096 0.772042 
0.0159413 0.774129 0.0568096 0.772042 
0.0159829 0.774129 0.0568096 0.772042 
0.0160244 0.776175 0.0554058 0.774195 
0.0160659 0.774246 0.0538381 0.772372 
0.0161074 0.774246 0.0538381 0.772372 
0.0161489 0.774246 0.0538381 0.772372 
0.0161904 0.774246 0.0538381 0.772372 
0.0162319 0.774246 0.0538381 0.772372 
0.0162734 0.774246 0.0538381 0.772372 
0.016315 0.775906 0.053025 0.774092 
0.0163565 0.775906 0.053025 0.774092 
0.016398 0.774386 0.0520189 0.772637 
0.0164395 0.774386 0.0520189 0.772637 
0.016481 0.774386 0.0520189 0.772637 
0.0165225 0.774386 0.0520189 0.772637 
0.016564 0.774386 0.0520189 0.772637 
0.0166056 0.774386 0.0520189 0.772637 
0.0166471 0.7747 0.0498311 0.773096 
0.0166886 0.7747 0.0498311 0.773096 
0.0167301 0.7747 0.0498311 0.773096 
0.0167716 0.7747 0.0498311 0.773096 
0.0168131 0.7747 0.0498311 0.773096 
0.0168546 0.7747 0.0498311 0.773096 
0.0168962 0.7747 0.0498311 0.773096 
0.0169377 0.774561 0.0470171 0.773132 
0.0169792 0.774561 0.0470171 0.773132 
0.0170207 0.774561 0.0470171 0.773132 
0.0170622 0.774561 0.0470171 0.773132 
0.0171037 0.774561 0.0470171 0.773132 
0.0171452 0.774561 0.0470171 0.773132 
0.0171868 0.774561 0.0470171 0.773132 
0.0172283 0.775906 0.0463554 0.77452 
0.0172698 0.77436 0.0453506 0.773031 
0.0173113 0.77436 0.0453506 0.773031 
0.0173528 0.77436 0.0453506 0.773031 
0.0173943 0.77436 0.0453506 0.773031 
0.0174358 0.77436 0.0453506 0.773031 
0.0174774 0.77436 0.0453506 0.773031 
0.0175189 0.774379 0.0431777 0.773175 
0.0175604 0.774379 0.0431777 0.773175 
0.0176019 0.774379 0.0431777 0.773175 
0.0176434 0.774379 0.0431777 0.773175 
0.0176849 0.774379 0.0431777 0.773175 
0.0177264 0.774379 0.0431777 0.773175 
0.017768 0.774379 0.0431777 0.773175 
0.0178095 0.773999 0.0405045 0.772939 
0.017851 0.773999 0.0405045 0.772939 
0.0178925 0.773999 0.0405045 0.772939 
0.017934 0.773999 0.0405045 0.772939 
0.0179755 0.773999 0.0405045 0.772939 
0.018017 0.773999 0.0405045 0.772939 
0.0180585 0.773999 0.0405045 0.772939 
0.0181001 0.775087 0.039961 0.774056 
0.0181416 0.7735 0.0389578 0.772518 
0.0181831 0.7735 0.0389578 0.772518 
0.0182246 0.7735 0.0389578 0.772518 
0.0182661 0.7735 0.0389578 0.772518 
0.0183076 0.7735 0.0389578 0.772518 
0.0183491 0.7735 0.0389578 0.772518 
0.0183907 0.77498 0.0374862 0.774073 
0.0184322 0.77326 0.0367298 0.772387 
0.0184737 0.77326 0.0367298 0.772387 
0.0185152 0.77326 0.0367298 0.772387 
0.0185567 0.77326 0.0367298 0.772387 
0.0185982 0.77326 0.0367298 0.772387 
0.0186397 0.77326 0.0367298 0.772387 
0.0186813 0.774686 0.0357729 0.77386 
0.0187228 0.772676 0.0341276 0.771922 
0.0187643 0.772676 0.0341276 0.771922 
0.0188058 0.772676 0.0341276 0.771922 
0.0188473 0.772676 0.0341276 0.771922 
0.0188888 0.772676 0.0341276 0.771922 
0.0189303 0.772676 0.0341276 0.771922 
0.0189719 0.773551 0.0336951 0.772817 
0.0190134 0.771896 0.0326377 0.771206 
0.0190549 0.771896 0.0326377 0.771206 
0.0190964 0.771896 0.0326377 0.771206 
0.0191379 0.771896 0.0326377 0.771206 
0.0191794 0.771896 0.0326377 0.771206 
0.0192209 0.771896 0.0326377 0.771206 
0.0192625 0.77331 0.0312333 0.772679 
0.019304 0.771428 0.0303953 0.770829 
0.0193455 0.771428 0.0303953 0.770829 
0.019387 0.771428 0.0303953 0.770829 
0.0194285 0.771428 0.0303953 0.770829 
0.01947 0.771428 0.0303953 0.770829 
0.0195115 0.771428 0.0303953 0.770829 
0.019553 0.771428 0.0303953 0.770829 
0.0195946 0.770675 0.0277946 0.770174 
0.0196361 0.770675 0.0277946 0.770174 
0.0196776 0.770675 0.0277946 0.770174 
0.0197191 0.770675 0.0277946 0.770174 
0.0197606 0.770675 0.0277946 0.770174 
0.0198021 0.770675 0.0277946 0.770174 
0.0198436 0.770675 0.0277946 0.770174 
0.0198852 0.769739 0.0260592 0.769298 
0.0199267 0.769739 0.0260592 0.769298 
0.0199682 0.769739 0.0260592 0.769298 
0.0200097 0.769739 0.0260592 0.769298 
0.0200512 0.769739 0.0260592 0.769298 
0.0200927 0.769739 0.0260592 0.769298 
0.0201342 0.769739 0.0260592 0.769298 
0.0201758 0.768898 0.0237886 0.768529 
0.0202173 0.768898 0.0237886 0.768529 
0.0202588 0.768898 0.0237886 0.768529 
0.0203003 0.768898 0.0237886 0.768529 
0.0203418 0.768898 0.0237886 0.768529 
0.0203833 0.768898 0.0237886 0.768529 
0.0204248 0.768898 0.0237886 0.768529 
0.0204664 0.767819 0.0215781 0.767516 
0.0205079 0.767819 0.0215781 0.767516 
0.0205494 0.767819 0.0215781 0.767516 
0.0205909 0.767819 0.0215781 0.767516 
0.0206324 0.767819 0.0215781 0.767516 
0.0206739 0.767819 0.0215781 0.767516 
0.0207154 0.767819 0.0215781 0.767516 
0.020757 0.766861 0.0196737 0.766609 
0.0207985 0.766861 0.0196737 0.766609 
0.02084 0.766861 0.0196737 0.766609 
0.0208815 0.766861 0.0196737 0.766609 
0.020923 0.766861 0.0196737 0.766609 
0.0209645 0.766908 0.0202562 0.766641 
0.021006 0.766908 0.0202562 0.766641 
0.0210475 0.765706 0.0184177 0.765485 
0.0210891 0.765706 0.0184177 0.765485 
0.0211306 0.765754 0.0171524 0.765562 
0.0211721 0.765754 0.0171524 0.765562 
0.0212136 0.765754 0.0171524 0.765562 
0.0212551 0.765754 0.0171524 0.765562 
0.0212966 0.765754 0.0171524 0.765562 
0.0213381 0.766469 0.0167272 0.766286 
0.0213797 0.764338 0.014805 0.764194 
0.0214212 0.764338 0.014805 0.764194 
0.0214627 0.764338 0.014805 0.764194 
0.0215042 0.764338 0.014805 0.764194 
0.0215457 0.764338 0.014805 0.764194 
0.0215872 0.764338 0.014805 0.764194 
0.0216287 0.765319 0.0140099 0.76519 
0.0216703 0.76312 0.0127688 0.763013 
0.0217118 0.76312 0.0127688 0.763013 
0.0217533 0.76312 0.0127688 0.763013 
0.0217948 0.76312 0.0127688 0.763013 
0.0218363 0.76312 0.0127688 0.763013 
0.0218778 0.76312 0.0127688 0.763013 
0.0219193 0.76312 0.0127688 0.763013 
0.0219609 0.761822 0.0098778 0.761758 
0.0220024 0.761822 0.0098778 0.761758 
0.0220439 0.761822 0.0098778 0.761758 
0.0220854 0.761822 0.0098778 0.761758 
0.0221269 0.761822 0.0098778 0.761758 
0.0221684 0.761822 0.0098778 0.761758 
0.0222099 0.76234 0.00964185 0.762279 
0.0222515 0.760125 0.00755209 0.760087 
0.022293 0.760125 0.00755209 0.760087 
0.0223345 0.760125 0.00755209 0.760087 
0.022376 0.760125 0.00755209 0.760087 
0.0224175 0.760125 0.00755209 0.760087 
0.022459 0.760125 0.00755209 0.760087 
0.0225005 0.761146 0.00687746 0.761115 
0.022542 0.758505 0.00560598 0.758484 
0.0225836 0.758505 0.00560598 0.758484 
0.0226251 0.758505 0.00560598 0.758484 
0.0226666 0.758505 0.00560598 0.758484 
0.0227081 0.758505 0.00560598 0.758484 
0.0227496 0.758505 0.00560598 0.758484 
0.0227911 0.758505 0.00560598 0.758484 
0.0228326 0.757177 0.00220453 0.757174 
0.0228742 0.757177 0.00220453 0.757174 
0.0229157 0.757177 0.00220453 0.757174 
0.0229572 0.757177 0.00220453 0.757174 
0.0229987 0.757177 0.00220453 0.757174 
0.0230402 0.757177 0.00220453 0.757174 
0.0230817 0.757177 0.00220453 0.757174 
0.0231232 0.755249 -0.000348461 0.755249 
0.0231648 0.755249 -0.000348461 0.755249 
0.0232063 0.755249 -0.000348461 0.755249 
0.0232478 0.755249 -0.000348461 0.755249 
0.0232893 0.755249 -0.000348461 0.755249 
0.0233308 0.755249 -0.000348461 0.755249 
0.0233723 0.756357 -0.00107052 0.756356 
0.0234138 0.756357 -0.00107052 0.756356 
0.0234554 0.753368 -0.00252588 0.753364 
0.0234969 0.753368 -0.00252588 0.753364 
0.0235384 0.753368 -0.00252588 0.753364 
0.0235799 0.753368 -0.00252588 0.753364 
0.0236214 0.753368 -0.00252588 0.753364 
0.0236629 0.753368 -0.00252588 0.753364 
0.0237044 0.751862 -0.006306 0.751835 
0.023746 0.751862 -0.006306 0.751835 
0.0237875 0.751862 -0.006306 0.751835 
0.023829 0.751862 -0.006306 0.751835 
0.0238705 0.751862 -0.006306 0.751835 
0.023912 0.751862 -0.006306 0.751835 
0.0239535 0.751862 -0.006306 0.751835 
0.023995 0.752421 -0.00655402 0.752392 
0.0240365 0.749678 -0.00910668 0.749622 
0.0240781 0.749678 -0.00910668 0.749622 
0.0241196 0.749678 -0.00910668 0.749622 
0.0241611 0.749678 -0.00910668 0.749622 
0.0242026 0.749678 -0.00910668 0.749622 
0.0242441 0.749678 -0.00910668 0.749622 
0.0242856 0.750983 -0.00998026 0.750916 
0.0243271 0.747557 -0.0116257 0.747467 
0.0243687 0.747557 -0.0116257 0.747467 
0.0244102 0.747557 -0.0116257 0.747467 
0.0244517 0.747557 -0.0116257 0.747467 
0.0244932 0.747557 -0.0116257 0.747467 
0.0245347 0.747557 -0.0116257 0.747467 
0.0245762 0.749723 -0.0134449 0.749602 
0.0246177 0.74587 -0.0159776 0.745698 
0.0246593 0.74587 -0.0159776 0.745698 
0.0247008 0.74587 -0.0159776 0.745698 
0.0247423 0.74587 -0.0159776 0.745698 
0.0247838 0.74587 -0.0159776 0.745698 
0.0248253 0.74587 -0.0159776 0.745698 
0.0248668 0.746504 -0.0162543 0.746327 
0.0249083 0.743398 -0.0191318 0.743151 
0.0249499 0.743398 -0.0191318 0.743151 
0.0249914 0.743398 -0.0191318 0.743151 
0.0250329 0.743398 -0.0191318 0.743151 
0.0250744 0.743398 -0.0191318 0.743151 
0.0251159 0.743398 -0.0191318 0.743151 
0.0251574 0.744966 -0.0201975 0.744692 
0.0251989 0.741017 -0.0220905 0.740687 
0.0252405 0.741017 -0.0220905 0.740687 
0.025282 0.741017 -0.0220905 0.740687 
0.0253235 0.741017 -0.0220905 0.740687 
0.025365 0.741017 -0.0220905 0.740687 
0.0254065 0.741017 -0.0220905 0.740687 
0.025448 0.741017 -0.0220905 0.740687 
0.0254895 0.739166 -0.0271053 0.738669 
0.0255311 0.739166 -0.0271053 0.738669 
0.0255726 0.739166 -0.0271053 0.738669 
0.0256141 0.739166 -0.0271053 0.738669 
0.0256556 0.739166 -0.0271053 0.738669 
0.0256971 0.739166 -0.0271053 0.738669 
0.0257386 0.739166 -0.0271053 0.738669 
0.0257801 0.736554 -0.0309496 0.735904 
0.0258216 0.736554 -0.0309496 0.735904 
0.0258632 0.736554 -0.0309496 0.735904 
0.0259047 0.736554 -0.0309496 0.735904 
0.0259462 0.736554 -0.0309496 0.735904 
0.0259877 0.736554 -0.0309496 0.735904 
0.0260292 0.738322 -0.0320638 0.737626 
0.0260707 0.733985 -0.034037 0.733195 
0.0261122 0.733985 -0.034037 0.733195 
0.0261538 0.733985 -0.034037 0.733195 
0.0261953 0.733985 -0.034037 0.733195 
0.0262368 0.733985 -0.034037 0.733195 
0.0262783 0.733985 -0.034037 0.733195 
0.0263198 0.733985 -0.034037 0.733195 
0.0263613 0.73201 -0.0390782 0.730966 
0.0264028 0.73201 -0.0390782 0.730966 
0.0264444 0.73201 -0.0390782 0.730966 
0.0264859 0.73201 -0.0390782 0.730966 
0.0265274 0.73201 -0.0390782 0.730966 
0.0265689 0.73201 -0.0390782 0.730966 
0.0266104 0.73484 -0.0408201 0.733705 
0.0266519 0.729266 -0.0436804 0.727957 
0.0266934 0.729266 -0.0436804 0.727957 
0.026735 0.729266 -0.0436804 0.727957 
0.0267765 0.729266 -0.0436804 0.727957 
0.026818 0.729266 -0.0436804 0.727957 
0.0268595 0.729266 -0.0436804 0.727957 
0.026901 0.732165 -0.0459044 0.730725 
0.0269425 0.72665 -0.0484498 0.725033 
0.026984 0.72665 -0.0484498 0.725033 
0.0270256 0.72665 -0.0484498 0.725033 
0.0270671 0.72665 -0.0484498 0.725033 
0.0271086 0.72665 -0.0484498 0.725033 
0.0271501 0.72665 -0.0484498 0.725033 
0.0271916 0.72665 -0.0484498 0.725033 
0.0272331 0.724537 -0.054416 0.722491 
0.0272746 0.724537 -0.054416 0.722491 
0.0273161 0.724537 -0.054416 0.722491 
0.0273577 0.724537 -0.054416 0.722491 
0.0273992 0.724537 -0.054416 0.722491 
0.0274407 0.724537 -0.054416 0.722491 
0.0274822 0.724537 -0.054416 0.722491 
0.0275237 0.722197 -0.0598976 0.719709 
0.0275652 0.722197 -0.0598976 0.719709 
0.0276067 0.722197 -0.0598976 0.719709 
0.0276483 0.722197 -0.0598976 0.719709 
0.0276898 0.722197 -0.0598976 0.719709 
0.0277313 0.722033 -0.057222 0.719762 
0.0277728 0.722033 -0.057222 0.719762 
0.0278143 0.719916 -0.0641795 0.71705 
0.0278558 0.719916 -0.0641795 0.71705 
0.0278973 0.719916 -0.0641795 0.71705 
0.0279389 0.719916 -0.0641795 0.71705 
0.0279804 0.719916 -0.0641795 0.71705 
0.0280219 0.719916 -0.0641795 0.71705 
0.0280634 0.719916 -0.0641795 0.71705 
0.0281049 0.713463 -0.0676572 0.710248 
0.0281464 0.717576 -0.0699476 0.714159 
0.0281879 0.717576 -0.0699476 0.714159 
0.0282295 0.717576 -0.0699476 0.714159 
0.028271 0.717576 -0.0699476 0.714159 
0.0283125 0.717576 -0.0699476 0.714159 
0.028354 0.717935 -0.0727021 0.714245 
0.0283955 0.715635 -0.0789143 0.711271 
0.028437 0.715635 -0.0789143 0.711271 
0.0284785 0.715635 -0.0789143 0.711271 
0.0285201 0.715635 -0.0789143 0.711271 
0.0285616 0.715402 -0.0765854 0.711291 
0.0286031 0.715402 -0.0765854 0.711291 
0.0286446 0.715402 -0.0765854 0.711291 
0.0286861 0.715402 -0.0765854 0.711291 
0.0287276 0.7133 -0.0836647 0.708376 
0.0287691 0.7133 -0.0836647 0.708376 
0.0288106 0.7133 -0.0836647 0.708376 
0.0288522 0.7133 -0.0836647 0.708376 
0.0288937 0.7133 -0.0836647 0.708376 
0.0289352 0.7133 -0.0836647 0.708376 
0.0289767 0.7133 -0.0836647 0.708376 
0.0290182 0.710967 -0.0900301 0.705244 
0.0290597 0.710967 -0.0900301 0.705244 
0.0291012 0.710967 -0.0900301 0.705244 
0.0291428 0.710967 -0.0900301 0.705244 
0.0291843 0.710967 -0.0900301 0.705244 
0.0292258 0.711515 -0.0934464 0.705351 
0.0292673 0.709175 -0.100772 0.701978 
0.0293088 0.709175 -0.100772 0.701978 
0.0293503 0.709175 -0.100772 0.701978 
0.0293918 0.709175 -0.100772 0.701978 
0.0294334 0.709175 -0.100772 0.701978 
0.0294749 0.709175 -0.100772 0.701978 
0.0295164 0.709175 -0.100772 0.701978 
0.0295579 0.709175 -0.100772 0.701978 
0.0295994 0.706817 -0.108303 0.698471 
0.0296409 0.706471 -0.105689 0.698521 
0.0296824 0.706471 -0.105689 0.698521 
0.029724 0.706471 -0.105689 0.698521 
0.0297655 0.706471 -0.105689 0.698521 
0.029807 0.706471 -0.105689 0.698521 
0.0298485 0.706471 -0.105689 0.698521 
0.02989 0.703902 -0.113155 0.694747 
0.0299315 0.703902 -0.113155 0.694747 
0.029973 0.704819 -0.117364 0.694979 
0.0300146 0.704819 -0.117364 0.694979 
0.0300561 0.704819 -0.117364 0.694979 
0.0300976 0.704819 -0.117364 0.694979 
0.0301391 0.704819 -0.117364 0.694979 
0.0301806 0.701953 -0.126234 0.69051 
0.0302221 0.701953 -0.126234 0.69051 
0.0302636 0.701953 -0.126234 0.69051 
0.0303051 0.701953 -0.126234 0.69051 
0.0303467 0.701953 -0.126234 0.69051 
0.0303882 0.701953 -0.126234 0.69051 
0.0304297 0.707449 -0.129136 0.695563 
0.0304712 0.707449 -0.129136 0.695563 
0.0305127 0.698727 -0.134089 0.68574 
0.0305542 0.698727 -0.134089 0.68574 
0.0305957 0.698727 -0.134089 0.68574 
0.0306373 0.698727 -0.134089 0.68574 
0.0306788 0.698727 -0.134089 0.68574 
0.0307203 0.698727 -0.134089 0.68574 
0.0307618 0.706957 -0.139568 0.693044 
0.0308033 0.697653 -0.145215 0.682373 
0.0308448 0.697653 -0.145215 0.682373 
0.0308863 0.697653 -0.145215 0.682373 
0.0309279 0.697653 -0.145215 0.682373 
0.0309694 0.69702 -0.1411 0.682589 
0.0310109 0.69702 -0.1411 0.682589 
0.0310524 0.694596 -0.15032 0.678136 
0.0310939 0.694596 -0.15032 0.678136 
0.0311354 0.694596 -0.15032 0.678136 
0.0311769 0.694596 -0.15032 0.678136 
0.0312185 0.694596 -0.15032 0.678136 
0.03126 0.694596 -0.15032 0.678136 
0.0313015 0.69624 -0.157292 0.67824 
0.031343 0.693611 -0.168435 0.672849 
0.0313845 0.693611 -0.168435 0.672849 
0.031426 0.693611 -0.168435 0.672849 
0.0314675 0.693611 -0.168435 0.672849 
0.0315091 0.693611 -0.168435 0.672849 
0.0315506 0.693611 -0.168435 0.672849 
0.0315921 0.693611 -0.168435 0.672849 
0.0316336 0.693611 -0.168435 0.672849 
0.0316751 0.69158 -0.180631 0.667574 
0.0317166 0.690257 -0.174819 0.667752 
0.0317581 0.690257 -0.174819 0.667752 
0.0317996 0.690257 -0.174819 0.667752 
0.0318412 0.690257 -0.174819 0.667752 
0.0318827 0.690257 -0.174819 0.667752 
0.0319242 0.690257 -0.174819 0.667752 
0.0319657 0.68779 -0.186623 0.661987 
0.0320072 0.68779 -0.186623 0.661987 
0.0320487 0.68779 -0.186623 0.661987 
0.0320902 0.68779 -0.186623 0.661987 
0.0321318 0.68779 -0.186623 0.661987 
0.0321733 0.68779 -0.186623 0.661987 
0.0322148 0.68779 -0.186623 0.661987 
0.0322563 0.685378 -0.201074 0.655219 
0.0322978 0.685378 -0.201074 0.655219 
0.0323393 0.685378 -0.201074 0.655219 
0.0323808 0.685378 -0.201074 0.655219 
0.0324224 0.688374 -0.210791 0.655306 
0.0324639 0.688374 -0.210791 0.655306 
0.0325054 0.688374 -0.210791 0.655306 
0.0325469 0.686599 -0.226188 0.648272 
0.0325884 0.684108 -0.217754 0.648527 
0.0326299 0.684108 -0.217754 0.648527 
0.0326714 0.684108 -0.217754 0.648527 
0.032713 0.684108 -0.217754 0.648527 
0.0327545 0.684108 -0.217754 0.648527 
0.032796 0.684108 -0.217754 0.648527 
0.0328375 0.681635 -0.232852 0.640629 
0.032879 0.681635 -0.232852 0.640629 
0.0329205 0.681635 -0.232852 0.640629 
0.032962 0.681635 -0.232852 0.640629 
0.0330036 0.681635 -0.232852 0.640629 
0.0330451 0.681635 -0.232852 0.640629 
0.0330866 0.681635 -0.232852 0.640629 
0.0331281 0.680522 -0.254006 0.631341 
0.0331696 0.680522 -0.254006 0.631341 
0.0332111 0.680522 -0.254006 0.631341 
0.0332526 0.685525 -0.266525 0.631592 
0.0332942 0.685525 -0.266525 0.631592 
0.0333357 0.685525 -0.266525 0.631592 
0.0333772 0.685525 -0.266525 0.631592 
0.0334187 0.699178 -0.273012 0.643672 
0.0334602 0.683781 -0.287598 0.620358 
0.0335017 0.683781 -0.287598 0.620358 
0.0335432 0.683781 -0.287598 0.620358 
0.0335847 0.683781 -0.287598 0.620358 
0.0336263 0.683781 -0.287598 0.620358 
0.0336678 0.683781 -0.287598 0.620358 
0.0337093 0.685004 -0.31583 0.607851 
0.0337508 0.685004 -0.31583 0.607851 
0.0337923 0.685004 -0.31583 0.607851 
0.0338338 0.685004 -0.31583 0.607851 
0.0338753 0.685004 -0.31583 0.607851 
0.0339169 0.685004 -0.31583 0.607851 
0.0339584 0.685004 -0.31583 0.607851 
0.0339999 0.697483 -0.320982 0.619236 
0.0340414 0.683443 -0.343755 0.5907 
0.0340829 0.683443 -0.343755 0.5907 
0.0341244 0.683443 -0.343755 0.5907 
0.0341659 0.683443 -0.343755 0.5907 
0.0342075 0.683443 -0.343755 0.5907 
0.034249 0.683443 -0.343755 0.5907 
0.0342905 0.683443 -0.343755 0.5907 
0.034332 0.684678 -0.37611 0.572124 
0.0343735 0.684678 -0.37611 0.572124 
0.034415 0.684678 -0.37611 0.572124 
0.0344565 0.684678 -0.37611 0.572124 
0.0344981 0.684678 -0.37611 0.572124 
0.0345396 0.684678 -0.37611 0.572124 
0.0345811 0.701285 -0.383454 0.587166 
0.0346226 0.688543 -0.416304 0.548436 
0.0346641 0.688543 -0.416304 0.548436 
0.0347056 0.688543 -0.416304 0.548436 
0.0347471 0.688543 -0.416304 0.548436 
0.0347887 0.688543 -0.416304 0.548436 
0.0348302 0.688543 -0.416304 0.548436 
0.0348717 0.689737 -0.416805 0.549554 
0.0349132 0.673465 -0.44567 0.504909 
0.0349547 0.673465 -0.44567 0.504909 
0.0349962 0.673465 -0.44567 0.504909 
0.0350377 0.673465 -0.44567 0.504909 
0.0350792 0.673465 -0.44567 0.504909 
0.0351208 0.673465 -0.44567 0.504909 
0.0351623 0.708712 -0.470242 0.530231 
0.0352038 0.678371 -0.500726 0.457669 
0.0352453 0.678371 -0.500726 0.457669 
0.0352868 0.678371 -0.500726 0.457669 
0.0353283 0.678371 -0.500726 0.457669 
0.0353698 0.678371 -0.500726 0.457669 
0.0354114 0.678371 -0.500726 0.457669 
0.0354529 0.66715 -0.494215 0.448152 
0.0354944 0.667762 -0.53924 0.39386 
0.0355359 0.667762 -0.53924 0.39386 
0.0355774 0.667762 -0.53924 0.39386 
0.0356189 0.667762 -0.53924 0.39386 
0.0356604 0.667762 -0.53924 0.39386 
0.035702 0.667762 -0.53924 0.39386 
0.0357435 0.667762 -0.53924 0.39386 
0.035785 0.617152 -0.528388 0.318877 
0.0358265 0.617152 -0.528388 0.318877 
0.035868 0.617152 -0.528388 0.318877 
0.0359095 0.617152 -0.528388 0.318877 
0.035951 0.617152 -0.528388 0.318877 
0.0359926 0.617152 -0.528388 0.318877 
0.0360341 0.617152 -0.528388 0.318877 
0.0360756 0.559625 -0.499543 0.252263 
0.0361171 0.559625 -0.499543 0.252263 
0.0361586 0.559625 -0.499543 0.252263 
0.0362001 0.559625 -0.499543 0.252263 
0.0362416 0.559625 -0.499543 0.252263 
0.0362832 0.559625 -0.499543 0.252263 
0.0363247 0.559625 -0.499543 0.252263 
0.0363662 0.492503 -0.444323 0.212453 
0.0364077 0.492503 -0.444323 0.212453 
0.0364492 0.492503 -0.444323 0.212453 
0.0364907 0.492503 -0.444323 0.212453 
0.0365322 0.492503 -0.444323 0.212453 
0.0365737 0.492503 -0.444323 0.212453 
0.0366153 0.453479 -0.422125 0.165692 
0.0366568 0.453479 -0.422125 0.165692 
0.0366983 0.450681 -0.414562 0.176782 
0.0367398 0.450681 -0.414562 0.176782 
0.0367813 0.450681 -0.414562 0.176782 
0.0368228 0.450681 -0.414562 0.176782 
0.0368643 0.450681 -0.414562 0.176782 
0.0369059 0.450681 -0.414562 0.176782 
0.0369474 0.414123 -0.386006 0.149991 
0.0369889 0.414123 -0.386006 0.149991 
0.0370304 0.414123 -0.386006 0.149991 
0.0370719 0.414123 -0.386006 0.149991 
0.0371134 0.414123 -0.386006 0.149991 
0.0371549 0.414123 -0.386006 0.149991 
0.0371965 0.414123 -0.386006 0.149991 
0.037238 0.375861 -0.351185 0.133943 
0.0372795 0.375861 -0.351185 0.133943 
0.037321 0.375861 -0.351185 0.133943 
0.0373625 0.375861 -0.351185 0.133943 
0.037404 0.375861 -0.351185 0.133943 
0.0374455 0.375861 -0.351185 0.133943 
0.0374871 0.375861 -0.351185 0.133943 
0.0375286 0.356113 -0.339085 0.108802 
0.0375701 0.353441 -0.333364 0.117425 
0.0376116 0.353441 -0.333364 0.117425 
0.0376531 0.353441 -0.333364 0.117425 
0.0376946 0.353441 -0.333364 0.117425 
0.0377361 0.353441 -0.333364 0.117425 
0.0377777 0.353441 -0.333364 0.117425 
0.0378192 0.331605 -0.316408 0.099238 
0.0378607 0.331201 -0.314913 0.102587 
0.0379022 0.331201 -0.314913 0.102587 
0.0379437 0.331201 -0.314913 0.102587 
0.0379852 0.331201 -0.314913 0.102587 
0.0380267 0.331201 -0.314913 0.102587 
0.0380682 0.331201 -0.314913 0.102587 
0.0381098 0.307611 -0.293221 0.0929839 
0.0381513 0.307611 -0.293221 0.0929839 
0.0381928 0.307611 -0.293221 0.0929839 
0.0382343 0.307611 -0.293221 0.0929839 
0.0382758 0.307611 -0.293221 0.0929839 
0.0383173 0.307611 -0.293221 0.0929839 
0.0383588 0.307611 -0.293221 0.0929839 
0.0384004 0.295528 -0.28537 0.0768151 
0.0384419 0.293669 -0.281992 0.0819886 
0.0384834 0.293669 -0.281992 0.0819886 
0.0385249 0.293669 -0.281992 0.0819886 
0.0385664 0.293669 -0.281992 0.0819886 
0.0386079 0.293669 -0.281992 0.0819886 
0.0386494 0.293669 -0.281992 0.0819886 
0.038691 0.279648 -0.270724 0.0700833 
0.0387325 0.279393 -0.27009 0.0714952 
0.038774 0.279393 -0.27009 0.0714952 
0.0388155 0.279393 -0.27009 0.0714952 
0.038857 0.279393 -0.27009 0.0714952 
0.0388985 0.279393 -0.27009 0.0714952 
0.03894 0.279393 -0.27009 0.0714952 
0.0389816 0.267618 -0.261274 0.057927 
0.0390231 0.263911 -0.255998 0.06414 
0.0390646 0.263911 -0.255998 0.06414 
0.0391061 0.263911 -0.255998 0.06414 
0.0391476 0.263911 -0.255998 0.06414 
0.0391891 0.263911 -0.255998 0.06414 
0.0392306 0.263911 -0.255998 0.06414 
0.0392722 0.255906 -0.250436 0.0526297 
0.0393137 0.255906 -0.250436 0.0526297 
0.0393552 0.254813 -0.248768 0.0551701 
0.0393967 0.254813 -0.248768 0.0551701 
0.0394382 0.254813 -0.248768 0.0551701 
0.0394797 0.254813 -0.248768 0.0551701 
0.0395212 0.254813 -0.248768 0.0551701 
0.0395627 0.245782 -0.241202 0.0472265 
0.0396043 0.245968 -0.241534 0.0464938 
0.0396458 0.245968 -0.241534 0.0464938 
0.0396873 0.245968 -0.241534 0.0464938 
0.0397288 0.245968 -0.241534 0.0464938 
0.0397703 0.245968 -0.241534 0.0464938 
0.0398118 0.245968 -0.241534 0.0464938 
0.0398533 0.245968 -0.241534 0.0464938 
0.0398949 0.236807 -0.233527 0.0392777 
0.0399364 0.236807 -0.233527 0.0392777 
0.0399779 0.236807 -0.233527 0.0392777 
0.0400194 0.236807 -0.233527 0.0392777 
0.0400609 0.236807 -0.233527 0.0392777 
0.0401024 0.236807 -0.233527 0.0392777 
0.0401439 0.236807 -0.233527 0.0392777 
0.0401855 0.230736 -0.228495 0.0320827 
0.040227 0.230736 -0.228495 0.0320827 
0.0402685 0.230736 -0.228495 0.0320827 
0.04031 0.230736 -0.228495 0.0320827 
0.0403515 0.230736 -0.228495 0.0320827 
0.040393 0.230736 -0.228495 0.0320827 
0.0404345 0.230736 -0.228495 0.0320827 
0.0404761 0.224493 -0.222975 0.026061 
0.0405176 0.22542 -0.224128 0.0240968 
0.0405591 0.22542 -0.224128 0.0240968 
0.0406006 0.22542 -0.224128 0.0240968 
0.0406421 0.22542 -0.224128 0.0240968 
0.0406836 0.22542 -0.224128 0.0240968 
0.0407251 0.217707 -0.216316 0.024569 
0.0407667 0.213793 -0.213125 0.016885 
0.0408082 0.213793 -0.213125 0.016885 
0.0408497 0.220818 -0.220143 0.0172543 
0.0408912 0.220818 -0.220143 0.0172543 
0.0409327 0.220818 -0.220143 0.0172543 
0.0409742 0.220818 -0.220143 0.0172543 
0.0410157 0.220818 -0.220143 0.0172543 
0.0410572 0.2174 -0.217109 0.011247 
0.0410988 0.218213 -0.217974 0.0102093 
0.0411403 0.218213 -0.217974 0.0102093 
0.0411818 0.218213 -0.217974 0.0102093 
0.0412233 0.218213 -0.217974 0.0102093 
0.0412648 0.218213 -0.217974 0.0102093 
0.0413063 0.218213 -0.217974 0.0102093 
0.0413478 0.21488 -0.214779 0.00658238 
0.0413894 0.216889 -0.216873 0.00261045 
0.0414309 0.216889 -0.216873 0.00261045 
0.0414724 0.216889 -0.216873 0.00261045 
0.0415139 0.216889 -0.216873 0.00261045 
